V 54
K 1
D 0 -1778000 2540000 0
Y 1
U 2159000 762000 254000 0 2 3 REFDES=IC?
U 2159000 508000 254000 0 2 3 DEVICE=MC14051BDR2G
U 2159000 254000 254000 0 2 0 PKG_TYPE=SOIC127P600X175-16N
U 2159000 0 254000 0 2 0 Description=Low-noise - 12 nV/sqrt.Cycle, f <= 1.0 kHz Typical; For 4PDT Switch, See MC14551B; Switch Function is Break Before Make; Supply Voltage Range = 3.0 Vdc to 18 Vdc; Analog Voltage Range (VDD - VEE) = 3.0 to 18 V Note: VEE must be <= VSS; Triple Diode Protection on Control Inputs; For Lower RON, Use the HC4051, HC4052, or HC4053 High-Speed CMOS Devices; Linearized Transfer Characteristics; Pin-for-Pin Replacement for CD4051, CD4052, and CD4053; Pb-Free Packages are Available*
U 2159000 -254000 254000 0 2 0 Datasheet Link=https://www.onsemi.com/pub/Collateral/MC14051B-D.PDF
U 2159000 -508000 254000 0 2 0 Height=1.75
U 2159000 -762000 254000 0 2 0 Mouser Part Number=863-MC14051BDR2G
U 2159000 -1016000 254000 0 2 0 Mouser Price/Stock=https://www.mouser.co.uk/ProductDetail/onsemi/MC14051BDR2G?qs=g2rIOKKlpoZiRT%252Bz5I%252B8eg%3D%3D
U 2159000 -1270000 254000 0 2 0 Manufacturer_Name=onsemi
U 2159000 -1524000 254000 0 2 0 Manufacturer_Part_Number=MC14051BDR2G
U 0 0 254000 0 1 0 FORWARD_PCB=1
l 5 508000 254000 2032000 254000 2032000 -2032000 508000 -2032000 508000 254000
|GRPHSTL -1 -1 -1 1
P 1 0 0 508000 0 0 2 0
L 584200 0 228600 0 2 0 1 0 X4
A 355600 50800 203200 0 9 3 #=1
A 0 0 9 0 3 0 PINTYPE=BI
P 2 0 -254000 508000 -254000 0 2 0
L 584200 -254000 228600 0 2 0 1 0 X6
A 355600 -203200 203200 0 9 3 #=2
A 0 0 9 0 3 0 PINTYPE=BI
P 3 0 -508000 508000 -508000 0 2 0
L 584200 -508000 228600 0 2 0 1 0 X
A 355600 -457200 203200 0 9 3 #=3
A 0 0 9 0 3 0 PINTYPE=BI
P 4 0 -762000 508000 -762000 0 2 0
L 584200 -762000 228600 0 2 0 1 0 X7
A 355600 -711200 203200 0 9 3 #=4
A 0 0 9 0 3 0 PINTYPE=BI
P 5 0 -1016000 508000 -1016000 0 2 0
L 584200 -1016000 228600 0 2 0 1 0 X5
A 355600 -965200 203200 0 9 3 #=5
A 0 0 9 0 3 0 PINTYPE=BI
P 6 0 -1270000 508000 -1270000 0 2 0
L 584200 -1270000 228600 0 2 0 1 0 INH
A 355600 -1219200 203200 0 9 3 #=6
A 0 0 9 0 3 0 PINTYPE=BI
P 7 0 -1524000 508000 -1524000 0 2 0
L 584200 -1524000 228600 0 2 0 1 0 VEE
A 355600 -1473200 203200 0 9 3 #=7
A 0 0 9 0 3 0 PINTYPE=BI
P 8 0 -1778000 508000 -1778000 0 2 0
L 584200 -1778000 228600 0 2 0 1 0 VSS
A 355600 -1727200 203200 0 9 3 #=8
A 0 0 9 0 3 0 PINTYPE=BI
P 9 2540000 0 2032000 0 0 3 0
L 1955800 0 228600 0 8 0 1 0 VDD
A 2184400 50800 203200 0 3 3 #=16
A 0 0 9 0 3 0 PINTYPE=BI
P 10 2540000 -254000 2032000 -254000 0 3 0
L 1955800 -254000 228600 0 8 0 1 0 X2
A 2184400 -203200 203200 0 3 3 #=15
A 0 0 9 0 3 0 PINTYPE=BI
P 11 2540000 -508000 2032000 -508000 0 3 0
L 1955800 -508000 228600 0 8 0 1 0 X1
A 2184400 -457200 203200 0 3 3 #=14
A 0 0 9 0 3 0 PINTYPE=BI
P 12 2540000 -762000 2032000 -762000 0 3 0
L 1955800 -762000 228600 0 8 0 1 0 X0
A 2184400 -711200 203200 0 3 3 #=13
A 0 0 9 0 3 0 PINTYPE=BI
P 13 2540000 -1016000 2032000 -1016000 0 3 0
L 1955800 -1016000 228600 0 8 0 1 0 X3
A 2184400 -965200 203200 0 3 3 #=12
A 0 0 9 0 3 0 PINTYPE=BI
P 14 2540000 -1270000 2032000 -1270000 0 3 0
L 1955800 -1270000 228600 0 8 0 1 0 A
A 2184400 -1219200 203200 0 3 3 #=11
A 0 0 9 0 3 0 PINTYPE=BI
P 15 2540000 -1524000 2032000 -1524000 0 3 0
L 1955800 -1524000 228600 0 8 0 1 0 B
A 2184400 -1473200 203200 0 3 3 #=10
A 0 0 9 0 3 0 PINTYPE=BI
P 16 2540000 -1778000 2032000 -1778000 0 3 0
L 1955800 -1778000 228600 0 8 0 1 0 C
A 2184400 -1727200 203200 0 3 3 #=9
A 0 0 9 0 3 0 PINTYPE=BI
E
